18,114536 220,202774 -6,252382
15,478842 220,028275 -9,373255
14,285006 219,482834 -10,361292
13,758362 218,898239 -10,895576
13,503849 217,994553 -11,407778
13,581045 217,286224 -11,550635
13,794049 216,397125 -11,603195
14,078744 215,777176 -11,642743
14,551468 215,277756 -11,610840
15,076696 215,281372 -11,478830
15,598297 215,421783 -11,178799
16,221970 215,674469 -10,779396
16,482681 215,812225 -10,551292
16,771755 216,034439 -10,135185
16,931475 216,184036 -9,889994
17,108976 216,441177 -9,711042
17,229527 216,716156 -9,577826
17,357468 217,190750 -9,378769
17,495909 217,525436 -9,190902
17,570301 217,803009 -9,043906
17,656616 217,299393 -8,980807
17,884985 216,728897 -8,756999
18,408737 215,200455 -7,691376
19,019396 213,474365 -5,698658
18,968374 210,963333 -3,074773
17,528721 207,492401 1,194827
16,367369 203,832626 3,954176
16,115307 202,003937 7,658327
16,083427 200,644165 12,395466
15,370965 199,533951 16,135645
14,824793 198,404648 18,904917
14,602378 198,354599 21,142694
15,848361 198,063400 22,309072
17,335615 199,003662 20,226271
20,798937 200,725586 17,382774
22,907175 201,005173 13,805890
24,440094 202,017624 11,306698
25,756880 203,184814 9,744599
26,835962 204,456238 8,607989
27,819902 205,610428 7,580410
28,622255 206,990601 6,615411
29,387482 208,343292 5,860675
29,662245 209,848465 5,114682
30,134462 211,419312 4,490886
30,438223 211,339233 3,897183
30,641094 211,697327 3,033180
30,908213 212,069595 2,624199
30,912437 212,521378 2,350874
30,296377 213,625000 1,538251
29,410883 215,679840 1,122251
28,648607 217,326630 0,106461
28,651752 218,455582 -0,957564
29,255421 219,559219 -1,801413
30,237921 220,311356 -2,579629
30,667402 221,252899 -3,243811
31,331882 222,801407 -2,707057
32,685360 225,442902 -1,636677
32,809376 224,078018 -0,769313
31,685137 223,539612 0,292536
29,125593 222,324951 5,550418
27,868547 219,034241 7,581172
25,978119 216,876663 9,139108
23,368731 215,228653 12,336891
21,224737 213,910889 17,721708
19,204147 214,166138 23,082560
14,448807 213,667358 33,713791
11,683196 214,052155 38,031746
9,839155 214,328934 43,326088
8,149899 213,462250 48,812634
3,895126 212,776962 53,375393
-1,316570 211,605896 57,253284
-9,572029 207,552917 62,104328
-19,107693 204,286606 64,891396
-25,409914 202,471161 67,905220
-29,818073 202,277374 67,943794
-42,720886 202,322006 63,393803
-47,380634 203,986450 55,067657
-47,066353 205,353073 47,854080
-44,637062 206,521896 45,659306
-43,918423 207,017654 45,081257
-41,808235 206,465500 45,202465
-40,267052 205,842453 45,088348
-37,000622 204,210632 42,686245
-33,944000 202,010452 40,196808
-31,172342 200,122055 38,286602
-28,357841 198,823242 34,949715
-25,457319 195,525803 30,866186
-24,412804 192,779144 30,308582
-17,282213 192,017792 28,911207
-11,743731 189,505142 26,259905
-5,820729 191,677368 22,388527
-0,460073 196,785339 18,035219
6,196745 201,540817 11,654098
11,740960 206,999161 5,850289
15,714884 210,078339 2,408583
18,530807 212,054077 0,724785
20,550282 214,640305 -0,699479
21,986582 214,899506 -1,954302
22,771961 215,141052 -2,259772
23,464352 215,217743 -1,984298
23,807652 215,058029 -1,783539
23,561596 214,588638 -1,926027
23,122021 214,116531 -2,471022
22,495539 213,774002 -2,938740
21,915205 213,659897 -3,461324
21,456203 213,335999 -3,775898
20,884409 211,862091 -3,185071
20,468258 211,115448 -2,710991
20,019255 210,614197 -2,471007
19,533657 210,273270 -2,150234
19,007921 210,144485 -1,866452
18,514477 209,893097 -1,589146
18,052534 209,439011 -1,335148
17,661154 209,169891 -1,234099
17,372362 209,077438 -1,160718
17,204903 209,007538 -1,088917
16,992256 208,793442 -0,887476
17,001196 208,582428 -0,693720
17,080725 208,387375 -0,579018
17,157360 207,912872 -0,509206
17,187021 207,088043 -0,343379
17,161190 206,544144 -0,281870
17,182566 206,010284 -0,267405
17,269022 205,361328 -0,273746
17,335548 204,952087 -0,254367
17,366522 204,696213 -0,244007
17,386311 204,666992 -0,208754
17,424114 204,635193 -0,185251
17,444805 204,768112 -0,151578
17,408930 204,890747 -0,159662
17,354555 205,013046 -0,196666
17,272203 205,085693 -0,233579
17,164507 205,156693 -0,241235
17,096481 205,218918 -0,234395
17,065287 205,240845 -0,180304
17,018713 205,176239 -0,049781
16,904644 204,967499 0,085190
16,855896 204,814697 0,163082
16,833656 204,669937 0,203107
16,807459 204,474899 0,235733
16,823463 204,327301 0,278108
16,826227 204,259552 0,297960
16,808964 204,184540 0,274111
16,778461 204,092194 0,230189
16,745813 203,981262 0,179499
16,714558 203,855621 0,135314
16,656994 203,705399 0,058878
16,578413 203,617767 -0,033401
16,481981 203,601685 -0,116311
16,384945 203,637939 -0,185732
16,231834 203,549164 -0,320293
16,092777 203,500458 -0,440206
15,945785 203,420227 -0,553411
15,824728 203,377518 -0,652913
15,695914 203,336929 -0,745341
15,528023 203,237549 -0,856716
15,336238 203,280701 -0,963423
15,238106 203,209152 -0,999264
15,132159 203,073822 -1,013007
15,017099 203,038132 -1,010284
14,944933 203,018646 -0,963699
14,929980 202,962570 -0,900522
14,937743 202,887924 -0,811256
14,979548 202,801773 -0,704885
15,001819 202,708221 -0,596028
15,048496 202,618454 -0,487763
15,147902 202,515244 -0,403766
15,213795 202,433731 -0,315621
15,284359 202,341309 -0,249229
15,353002 202,307007 -0,194844
15,386380 202,305435 -0,136998
15,434101 202,295776 -0,094358
15,448205 202,328369 -0,054192
15,454226 202,358444 -0,040166
15,459612 202,360046 -0,012614
15,479893 202,409805 -0,006035
15,518777 202,381638 0,017185
15,528872 202,321350 0,022434
15,573218 202,230545 0,003152
15,623384 202,129395 0,014406
15,669234 202,048752 0,019550
15,703156 201,981918 0,027146
15,720263 201,930618 0,058066
15,700221 201,913452 0,093177
15,696555 201,870468 0,098497
15,708462 201,853836 0,090860
15,726752 201,867584 0,095986
15,741557 201,898712 0,116725
15,755236 201,993988 0,172094
15,762202 201,997101 0,216179
15,752673 201,992493 0,295039
15,767113 202,003235 0,378344
15,755661 202,028458 0,462286
15,711487 202,028076 0,530358
15,677005 202,019608 0,571646
15,637077 202,040543 0,591241
15,602976 202,006393 0,598520
15,589498 201,980927 0,580397
15,558496 201,970963 0,563398
15,533328 201,940186 0,547159
15,508838 201,937134 0,530597
15,501716 201,916748 0,519700
15,498579 201,874603 0,534981
15,505627 201,805176 0,568103
15,536897 201,737671 0,626113
15,572421 201,702927 0,648696
15,597299 201,692276 0,666399
15,630894 201,668854 0,690751
15,658319 201,604767 0,722084
15,643589 201,598221 0,764530
15,611895 201,596741 0,809401
15,582778 201,613464 0,862189
15,549794 201,627304 0,916883
15,517257 201,615372 0,968106
15,484229 201,573547 1,027338
15,471861 201,558548 1,048613
15,468344 201,545609 1,078699
15,483022 201,516159 1,105234
15,491716 201,483826 1,118366
15,494235 201,459854 1,159586
15,543029 201,452454 1,205720
15,582591 201,464401 1,250587
15,595965 201,475479 1,288764
15,631847 201,474365 1,293480
15,649766 201,487320 1,294322
15,653990 201,499191 1,290243
15,665397 201,476730 1,249600
15,684880 201,420380 1,202252
15,698135 201,373154 1,154196
15,683033 201,324249 1,099229
15,679381 201,312057 1,077067
15,667394 201,333710 1,068525
15,666708 201,427963 1,109872
15,679866 201,492615 1,145698
15,685394 201,600021 1,218163
15,711218 201,663773 1,297027
15,781097 201,693542 1,395237
15,840515 201,715027 1,472130
15,870646 201,679062 1,546770
15,894495 201,538376 1,611903
15,877456 201,479050 1,606531
15,841611 201,406921 1,583718
15,821554 201,378525 1,571573
15,860423 201,362762 1,599483
15,930981 201,290543 1,693018
16,038277 201,251099 1,833059
16,156517 201,206253 1,989786
16,293346 201,179459 2,137784
16,433231 201,141724 2,292193
16,492949 201,107361 2,474617
16,515217 201,065277 2,612829
16,508133 201,050262 2,696637
16,468904 201,073456 2,714038
16,405836 201,059235 2,683122
16,360588 201,078201 2,593029
16,308203 201,119431 2,486911
16,251064 201,094925 2,327431
16,148142 201,090073 2,118267
16,001671 201,058853 1,904719
15,869305 201,044113 1,709770
15,769288 201,053162 1,571793
15,726187 201,049362 1,429580
15,718401 201,033600 1,355559
15,698902 201,000458 1,308046
15,634425 200,964630 1,280908
15,557565 200,857086 1,433842
15,452847 200,911728 1,666531
15,442819 200,932678 1,875967
15,481517 200,936157 2,033517
15,510909 201,043015 2,238922
15,570230 201,097595 2,441864
15,626192 201,223877 2,841838
15,670880 201,391403 3,174946
15,752218 201,622162 3,472593
16,129450 202,242264 3,944475
16,883753 203,127655 4,183959
17,717182 204,067047 4,134078
18,722401 205,167221 4,926141
19,439533 205,172699 7,423319
19,205004 205,183334 11,273038
15,086241 204,441864 17,358925
7,812083 199,847137 27,643522
1,350820 194,077408 37,350719
-9,559296 195,542465 46,631435
-24,234232 199,198090 51,342663
-33,953274 204,630966 53,981178
-40,423775 207,937454 54,626965
-44,785728 210,491058 54,241890
-48,171467 213,013550 54,177986
-51,015125 214,957779 53,614075
-52,133770 215,647263 53,277393
-52,891926 216,042130 53,110245
-53,351067 216,262711 52,932232
-53,806740 216,011154 52,703365
-54,357155 215,770706 52,350658
-54,549232 215,374756 52,002567
-54,558418 214,877335 51,663155
-54,064674 213,601974 51,097229
-52,368629 212,032501 51,245640
-45,779308 209,266418 49,938515
-30,464825 203,924774 42,478539
-11,574663 197,672867 27,490597
-2,791300 202,234039 23,023439
11,547327 211,207062 11,709146
15,052684 214,805328 8,174628
16,848854 218,707901 6,227084
17,724253 220,709702 5,212858
18,517017 221,050247 4,491325
19,196280 221,724365 3,999207
19,669853 221,654221 3,914796
20,047232 220,436752 4,307430
20,181379 219,583694 4,416231
20,339169 218,936600 4,304122
20,424753 218,361298 4,174557
20,500698 217,861984 4,074302
20,430475 217,574768 4,012961
20,302467 217,390564 3,977191
20,134949 217,321106 3,938042
20,017691 217,276657 3,834449
19,924156 217,201645 3,632564
19,775093 217,183395 3,418475
19,658245 217,092957 3,248286
19,558630 217,077682 3,115580
19,421227 217,027573 2,921790
19,343555 216,845139 2,710577
19,299194 216,688812 2,536379
19,273176 216,623688 2,347186
19,243181 216,517700 2,192177
19,190960 216,469131 2,061229
19,186138 216,539993 2,034757
19,186035 216,774689 2,110269
19,206345 216,904388 2,194438
19,209229 216,977783 2,311807
19,175806 217,006729 2,488472
19,139349 216,989395 2,693575
19,110992 217,001480 2,861593
19,042641 217,018951 3,080733
18,965073 216,912018 3,290158
18,863529 217,068405 3,476653
18,746056 217,223953 3,595613
18,652342 217,325516 3,666423
18,588743 217,434387 3,684625
18,526487 217,503708 3,656600
18,465385 217,465195 3,569048
18,402308 217,461700 3,460761
18,332876 217,426636 3,357191
18,265806 217,427658 3,259934
18,236734 217,352234 3,139585
18,213936 217,245834 3,006615
18,214487 217,147339 2,868708
18,207766 217,060760 2,742056
18,205240 217,025391 2,638441
18,197313 216,961655 2,589565
18,191912 216,860703 2,562981
18,178783 216,788391 2,558209
18,163145 216,704834 2,569221
18,158108 216,629059 2,590001
18,199444 216,567673 2,622977
18,230825 216,505783 2,670243
18,246889 216,467606 2,715278
18,244736 216,476471 2,754360
18,240311 216,461548 2,799545
18,164673 216,575226 2,860975
18,064573 216,676239 2,956089
17,998413 216,772659 3,068987
17,935007 216,923096 3,199134
17,887480 217,070831 3,336970
17,833702 217,165146 3,524445
17,817020 216,871185 3,713194
17,821758 216,794418 3,934223
17,838440 216,948334 4,346065
17,878525 217,449203 4,722487
18,009224 217,927856 4,945718
18,167847 217,920135 5,333297
18,470249 217,238541 5,759410
18,885895 216,624619 6,073732
19,394100 216,780426 6,086029
19,809484 217,822922 5,773228
19,869535 220,504883 5,043462
20,456514 223,000641 5,308781
20,801023 224,803482 6,460078
22,537291 227,164536 8,491045
23,850218 231,191391 10,627707
24,704464 235,671707 12,808727
25,217787 240,742828 13,466147
24,502657 245,756927 12,857017
23,283356 248,934143 9,510091
22,484608 248,660599 2,440808
23,654484 246,116943 -0,569256
24,533264 241,071320 -3,399450
25,175051 238,820496 -5,247738
24,282471 237,878311 -7,187993
22,593513 234,126266 -6,682168
20,898886 232,446030 -5,015106
20,054602 233,332840 -3,788652
19,200661 233,484390 -3,252432
19,000389 232,942993 -3,040228
18,233702 232,403397 -2,743013
18,025324 231,375458 -2,660686
18,721193 230,077789 -2,637430
19,741274 227,840149 -3,207140
21,288902 226,451614 -5,821655
22,424147 226,345520 -5,970260
22,773512 225,761398 -2,065084
23,260132 218,320526 2,544600
22,216923 219,376984 5,439578
20,096079 222,917984 7,439950
18,206291 220,572327 9,407913
17,031244 217,602325 11,072146
14,238216 211,863419 14,587187
6,098658 201,269470 17,255400
-2,272263 192,897934 19,143000
-9,696290 188,606689 21,586676
-13,137489 188,351028 26,251886
-17,898552 189,959793 31,334459
-26,524067 191,622437 36,968964
-30,724131 194,383560 39,890270
-33,612293 196,270370 42,777935
-34,066010 197,607895 45,289967
-34,067528 199,335907 47,836689
-34,084976 200,644104 48,837357
-33,740665 201,505188 48,318882
-32,666615 201,947601 46,773479
-29,156595 201,082169 44,087990
-25,237255 199,829193 42,048599
-22,797577 199,028580 40,932743
-20,718399 198,974075 40,165222
-19,657589 199,314728 39,901649
-18,199722 197,884033 39,290077
-15,517059 196,507706 38,664410
-11,718735 197,762985 37,463860
-3,627561 204,665619 35,678619
1,515731 207,099594 36,453812
9,944238 208,165833 30,139555
14,842838 208,854752 26,221638
17,971523 206,616531 23,805397
20,193562 205,620102 21,996899
21,154776 205,438828 20,785715
21,903545 204,091217 21,007826
21,755070 202,443420 24,275871
20,770437 202,709290 28,399504
21,520264 207,501038 29,902821
21,612770 212,877930 29,749725
20,215870 213,157272 27,318432
17,549471 213,064285 25,177189
14,343351 211,939667 22,693537
12,774147 212,989273 21,483620
9,339258 212,062073 24,298241
0,911482 207,575165 35,118488
-6,443940 205,765396 41,618088
-0,460729 208,342896 34,901611
6,524183 210,156631 28,802637
5,904704 207,180832 29,788851
1,815386 207,351929 33,810234
-0,251368 207,832031 36,657463
-10,503032 203,377716 42,361538
-29,703894 199,556427 49,699577
-58,716949 200,783615 59,830120
-73,306122 206,428131 65,023735
-74,734077 210,276459 66,729935
-73,598534 215,484970 64,810081
-74,352997 220,943420 62,411938
-73,247627 224,461029 59,024712
-70,549683 226,604111 55,789494
-66,967117 226,789597 52,430359
-62,887207 227,340836 48,630680
-59,729397 227,486938 45,556362
-56,372105 227,064667 42,179588
-52,611885 225,822479 38,664917
-48,977848 225,231659 35,388783
-40,658863 222,960648 31,675886
-36,956596 218,245209 29,646128
-29,892624 212,309830 26,432045
-17,309704 215,244873 20,053326
-7,962495 217,489883 21,872322
1,130387 215,568787 17,132458
6,395511 216,030090 10,372892
10,675013 218,770660 5,320500
12,985341 218,670792 3,064793
14,381841 218,399155 2,336096
15,304632 216,449005 1,876324
16,493439 210,037827 2,599627
16,795710 203,958664 4,217587
16,084381 199,061615 4,851662
13,633587 193,646912 5,807687
11,468932 189,303452 7,136429
11,501074 187,728592 8,020186
11,204682 187,586243 4,388275
12,570776 185,310654 3,044972
11,617086 181,763397 5,249776
-1,613751 165,683105 20,669561
-17,167740 164,338028 31,676523
-44,408054 170,030167 42,951233
-55,202682 173,625107 46,528221
-64,187752 180,430420 49,043686
-63,011402 183,871384 47,985382
-61,250046 186,065918 46,662598
-59,823433 187,619598 45,538410
-58,079407 189,174179 44,864937
-56,186031 190,930420 44,090816
-56,307487 192,609451 44,206062
-57,063141 194,081436 44,615166
-58,871548 195,981155 45,355076
-62,973125 198,375717 46,751728
-70,956680 203,654297 49,238712
-76,379982 208,115097 51,083710
-78,302925 211,624710 51,618675
-79,743622 214,125366 51,353088
-80,088203 215,569199 50,883793
-80,711243 216,461044 49,671570
-80,834267 217,533875 48,146313
-80,197823 218,576477 46,197998
-77,949577 218,820679 44,019783
-76,197662 218,307434 40,825436
-74,038445 217,995453 37,861477
-72,185097 218,175354 34,692825
-69,769272 218,612961 32,432583
-66,738106 218,356827 30,343897
-61,557056 216,110199 28,537794
-56,847233 213,396866 27,437714
-51,174999 209,685760 25,544933
-39,513947 204,379883 19,382652
-30,912266 201,198776 15,360457
-23,844801 201,473557 9,787456
-18,628105 205,913940 6,131174
-12,807302 208,919098 3,077982
-7,908784 211,160843 0,529859
-4,643738 211,695587 -2,587534
-1,943842 210,375412 -4,153069
0,257008 208,674393 -4,399326
1,516990 206,684433 -4,436094
2,288565 203,950409 -3,966156
1,265958 199,893295 -1,072928
0,395782 194,999771 2,028689
-0,323117 191,553024 4,453860
-0,617690 185,802612 5,650340
-1,401357 181,230026 12,745339
-4,170686 175,652878 18,965761
-13,310716 172,113190 26,199286
-27,958035 174,292084 33,264030
-42,623512 176,988922 37,504002
-47,748024 178,825897 40,037373
-49,123943 180,686127 41,876457
-50,634159 183,316879 43,889015
-51,864918 185,808136 45,806046
-52,896385 188,187500 47,640568
-54,414188 190,687073 49,559826
-58,315750 194,957809 52,656643
-63,063591 198,714294 55,008572
-67,504509 201,201797 56,486202
-71,669136 203,222076 57,365479
-75,361931 205,463699 58,028763
-79,740944 208,232468 59,877144
-81,955986 210,514374 61,038624
-84,147392 213,049622 61,683418
-85,157555 215,349518 62,287285
-85,864845 217,588242 62,653988
-86,730644 219,336517 62,821804
-87,374969 220,606171 62,903023
-87,928322 221,412964 62,662228
-88,217773 221,650726 62,288700
-88,796043 221,886734 61,801678
-89,423996 222,110062 60,815052
-89,215019 222,368805 59,784317
-88,599281 222,481552 58,570339
-87,657394 222,710159 56,675644
-85,551872 223,308578 53,619564
-83,804337 223,527161 52,108036
-82,055611 223,382401 50,709465
-80,052109 222,895706 49,609390
-77,710480 222,308792 48,620426
-75,109344 221,581528 48,043251
-72,462555 220,202454 47,583782
-70,541374 218,776993 47,130909
-68,001945 216,662216 46,737137
-65,401779 214,540451 46,488056
-63,558182 212,986511 46,430183
-60,917526 210,849991 46,246750
-57,540562 208,037369 45,407494
-56,601398 205,673569 45,190689
-56,805645 203,389893 45,287487
-58,698811 202,403412 46,307083
-61,836494 202,272308 47,536381
-64,487419 201,378189 48,453735
-66,082153 199,854385 49,444492
-69,033142 199,606262 51,052952
-71,537842 200,291290 53,764477
-73,580154 200,718475 55,764256
-76,475815 201,602005 56,665272
-78,509598 202,379852 57,189068
-79,626007 203,260437 57,604576
-80,750595 204,518509 58,081360
-82,580574 206,980209 59,084560
-85,714813 209,733368 59,989086
-87,844940 211,749863 60,554665
-89,093658 213,878784 61,211498
-89,926788 215,859085 61,542698
-90,347420 217,365936 61,748062
-90,654205 218,503098 61,854912
-90,768028 218,766846 62,182999
-90,755219 218,364395 62,719212
-90,067513 217,285629 62,944607
-89,331314 215,906845 62,991852
-88,551941 215,095963 62,842049
-86,856430 214,704041 62,397301
-83,435249 214,899628 62,210243
-79,908844 215,453049 61,445114
-76,284889 215,717834 60,211605
-71,219193 213,510330 58,432625
-66,750702 210,812714 55,623711
-61,310051 208,185852 53,411015
-52,572681 202,814423 49,227322
-32,527328 195,700394 43,237427
-18,048794 189,501816 35,849201
-9,428718 186,362854 30,129564
3,622137 190,388855 18,535875
11,884421 197,705048 11,156510
16,291180 201,661194 4,755171
19,304842 210,989258 -0,684641
19,382074 215,231750 -2,329867
18,458128 219,513168 -2,315089
18,554546 221,995392 -2,473265
19,087917 224,902618 -2,161276
19,078360 226,846069 -2,155814
18,771418 231,012253 -1,779813
18,928246 232,184677 -1,023460
18,936583 228,976227 1,041908
17,436117 221,291519 3,171627
13,570018 214,384659 6,228953
6,824382 212,140030 12,294434
-1,783282 201,616226 19,219484
-13,402656 192,023026 27,421949
-17,191708 191,835556 30,024597
-19,785233 192,929214 30,411985
-21,344393 194,340622 29,869984
-20,863100 195,867691 28,055683
-19,631504 196,952881 27,463854
-17,868816 198,931778 25,284660
-14,708281 203,826553 22,587149
-7,595621 206,679504 19,639727
4,391141 215,543839 12,658473
9,695001 219,213531 9,855127
13,156377 221,752167 9,322788
16,279846 224,156555 8,838505
17,957315 223,183792 9,352229
17,774433 219,754349 10,025691
16,800657 217,658783 10,764828
16,385630 215,645645 11,835221
16,821325 213,622070 13,852712
16,900703 212,080643 17,386587
17,113239 208,599991 18,693573
18,866465 210,147263 18,620163
14,458105 203,366714 23,784826
5,717315 195,012543 31,045412
-2,334028 192,040787 40,038498
-25,733315 196,623444 50,303764
-50,208145 204,923660 57,765133
-66,606758 213,707169 62,103996
-74,306213 218,507507 62,566170
-77,415688 221,964890 61,240845
-80,174362 226,555130 60,093796
-81,005562 228,475479 58,520859
-81,772148 229,710175 57,480778
-82,295349 230,975266 56,673943
-82,797989 232,396469 56,225021
-82,396660 234,085434 55,352169
-79,778236 234,976593 54,240150
-73,894707 232,853378 53,454288
-64,430016 226,951065 50,979309
-54,411873 220,873230 46,762260
-36,869766 211,888107 40,666035
-23,258745 208,124207 32,764198
-10,017715 210,573593 28,278473
2,626948 219,913773 20,529226
8,407503 225,837860 15,019091
11,390991 232,642807 11,792276
11,905700 235,766922 9,912636
12,377061 237,582123 8,450545
13,021469 237,965073 7,951975
13,610750 238,056915 7,948201
14,060013 237,755432 8,366495
14,418862 237,193085 9,053547
15,075289 234,279816 10,113427
15,904717 228,758652 12,403566
14,996193 221,561752 14,431240
10,265067 215,714828 16,748695
3,069602 211,956482 23,632763
-5,880765 204,840012 32,402569
-18,480093 199,848236 41,132397
-35,657913 202,874893 47,271763
-47,836792 210,016846 52,236553
-56,289593 218,840729 52,394009
-59,677769 224,876740 52,220222
-61,850475 229,760162 52,117027
-63,900642 234,345886 52,402142
-66,368347 238,798996 52,916965
-67,389832 241,245819 53,539879
-64,654785 240,607498 53,775169
-56,093830 235,587814 51,506004
-42,992149 227,379227 46,739082
-25,862165 222,347595 39,910873
0,944838 242,448792 27,075670
5,563751 251,425598 17,125536
6,994121 258,247681 12,043107
6,886646 259,821869 8,913427
6,294675 258,659058 5,764633
6,849259 257,393829 5,209263
7,896565 256,202545 5,452909
9,882957 252,642090 6,964386
12,324199 247,632263 9,271481
14,471121 237,328079 14,116114
14,006130 226,213364 20,535845
3,301963 214,363373 26,672909
-8,570843 205,319611 33,876938
-39,179779 207,959824 48,061203
-57,012230 220,181931 50,750389
-64,722267 225,508957 49,211143
-66,662369 228,503937 46,623257
-67,527397 230,257004 45,057571
-68,721535 231,092728 43,912441
-69,260254 231,146225 42,989006
-65,838409 229,431992 40,504276
-55,406120 226,051880 37,381775
-26,414820 219,672852 25,593184
-2,331748 232,094513 12,274369
4,906245 258,641998 1,051851
3,073722 259,964264 -5,706981
2,656028 259,976013 -7,918976
4,100569 261,958710 -6,999299
5,332142 261,871460 -5,974982
7,297017 259,422150 -4,439820
11,797354 251,292969 -1,178715
15,663341 241,118515 1,757108
14,958880 225,449524 6,815992
1,143008 216,342087 16,167654
-15,484355 205,869659 24,442421
-39,325478 210,431061 39,492294
-55,327778 217,256516 40,393543
-62,327587 223,363297 40,116051
-64,597527 227,440460 40,150269
-65,939110 229,877731 40,736214
-66,347984 231,082779 41,163849
-66,257935 231,293777 40,981945
-65,435005 230,944717 40,216949
-64,291847 230,146881 39,259377
-57,294971 221,488693 35,155758
-39,949791 207,692078 28,364901
-13,464585 207,782425 15,551817
4,797511 223,231110 -3,214274
6,399751 233,176086 -11,854086
6,096341 233,475082 -14,028739
6,490029 232,562531 -17,878923
7,445037 233,939362 -20,274271
8,545019 236,130951 -21,074291
9,337030 238,380554 -20,703617
9,857096 239,408432 -20,313894
11,038780 237,850647 -19,851896
12,190990 235,397354 -18,030140
12,663208 230,872894 -14,077369
4,965194 223,967804 -2,074655
-7,863648 213,009491 6,156474
-30,259583 206,197723 23,974222
-50,859253 214,719193 33,329216
-64,950554 222,166382 38,030563
-71,344528 226,709732 41,140671
-74,187889 229,749451 43,267990
-73,868370 231,520462 45,033222
-74,272469 232,390259 45,321175
-74,312660 231,983032 44,877266
-73,932732 229,984879 43,673321
-73,497963 225,214340 40,614876
-70,040115 218,428528 38,016838
-60,078812 211,694626 34,817383
-26,174128 197,207245 20,057800
0,378266 207,531387 0,626475
8,195065 225,195450 -11,020266
8,288548 229,266830 -12,698725
6,457642 228,612793 -15,740760
6,442480 228,515213 -20,347807
7,628180 230,786163 -20,275925
9,371370 232,556213 -16,697075
11,774831 233,545990 -13,134997
14,593474 232,852631 -7,146780
17,584808 228,260040 -1,759730
19,476309 221,352448 5,184516
16,423277 215,749207 10,869796
4,334129 215,045029 19,427736
-6,621495 208,838409 27,010757
-23,289993 206,391693 39,682270
-45,913998 218,947830 46,338161
-52,425167 223,085251 45,932983
-57,198994 225,449783 44,065914
-61,221725 227,401566 43,176121
-63,579021 228,361252 43,087761
-64,671349 228,461273 42,949623
-64,854294 227,616074 42,112865
-63,692329 224,261612 39,650295
-51,870365 216,585602 35,940830
-15,893832 209,083817 23,069777
5,433045 221,151794 13,029013
11,106245 237,355499 -0,507612
10,985382 241,903183 -6,787360
9,085796 240,014954 -13,077624
9,584681 240,649673 -14,569517
12,466095 242,466476 -10,937743
14,066331 243,252335 -8,665968
15,719131 241,390961 -6,043222
17,068386 238,224411 -3,901724
19,209131 228,059586 3,022190
17,681868 218,402252 8,104938
10,038853 215,709534 15,174212
-4,468277 211,789307 22,926050
-36,830055 211,542175 40,778976
-53,805511 223,131088 43,960072
-64,386574 228,826324 44,679111
-69,442947 231,951584 45,020542
-71,209160 233,946426 45,579044
-71,393852 234,787170 45,524143
-71,194229 233,566711 44,244015
-70,158897 231,347626 43,027355
-68,219139 228,163422 41,325996
-63,780182 224,207153 38,934402
-46,612820 215,703476 34,048439
-17,166986 209,683289 24,559628
5,710706 226,492935 9,003356
9,546653 241,291580 -2,542287
9,131000 239,296570 -7,184409
9,191931 236,065475 -10,517672
10,040373 235,203476 -12,014262
11,009887 236,786331 -11,184048
12,573399 236,989304 -10,042317
14,021538 237,035233 -9,077724
14,942579 236,729965 -8,401461
15,498437 235,351013 -7,280227
15,984275 233,139206 -6,107450
16,447119 230,124023 -4,910629
16,957083 225,614716 -3,595140
17,939783 221,082001 -2,335072
18,828205 213,578751 -1,315132
19,131966 207,319977 -1,084637
18,295959 202,673874 -2,111554
15,901163 199,400223 -2,025910
12,045868 194,315445 -0,556704
4,675374 182,727936 6,496089
-13,368450 171,073944 29,742601
-23,330412 173,123489 39,463875
-30,237858 175,110001 42,300983
-40,027504 178,924469 46,796291
-45,472858 181,487518 47,977551
-44,460148 183,474960 47,846977
-35,232079 184,016571 47,179176
-23,773767 184,932556 45,266098
-13,229765 188,526276 42,292671
-0,060447 191,528641 39,341019
10,069087 199,244858 31,831139
17,931587 207,786301 26,349686
21,554678 210,610138 24,365189
21,697060 214,860748 23,257481
20,802498 219,953568 24,649994
21,167048 220,514267 25,666222
21,795324 220,171051 26,019152
25,300772 221,680923 25,986362
30,658588 221,301956 26,805576
32,498291 215,941055 21,589584
33,534595 204,532166 14,880055
32,708958 199,550079 11,520604
30,700661 198,772247 8,515315
30,175909 202,639465 5,084915
30,086189 206,182053 2,586901
29,975109 207,346786 0,272617
29,528633 207,672104 -1,446899
29,249386 207,633087 -1,876872
29,345543 208,003281 -1,165215
29,639811 207,152496 0,438511
29,667831 205,288284 1,184728
29,354065 204,004242 2,525769
29,233910 202,576355 5,665850
27,247787 200,953201 7,016495
23,934141 199,776855 6,983604
21,474495 200,457169 4,873332
21,093086 199,151031 7,585678
21,259823 197,767044 13,736672
20,874716 196,854813 15,891822
20,810202 195,874359 17,526566
20,702108 194,535904 19,956951
20,626389 190,176559 22,821224
21,001167 186,544785 21,873610
20,863420 185,738953 19,051350
20,953871 184,780106 17,441759
22,846661 184,265945 14,880048
23,932316 184,661591 12,802020
24,294176 186,597809 10,167767
24,800800 186,411316 6,918140
24,603806 186,295807 3,140422
23,400030 186,020447 -2,169971
23,064219 186,237503 -5,011642
23,063608 186,328842 -6,304815
23,083284 186,191254 -7,315496
22,918322 185,815811 -7,859392
22,537275 185,397552 -8,090377
22,185028 185,169449 -8,129636
21,848097 185,190826 -8,002572
22,212774 186,168137 -8,372789
23,355581 189,332535 -8,744933
24,190790 193,581192 -8,937406
24,503149 198,156967 -8,773731
24,142921 201,392548 -7,733645
23,747890 204,695175 -5,951896
23,046837 209,327682 -4,071466
22,417984 214,061172 -0,737701
21,446615 220,747879 2,651371
20,769760 223,516891 6,445471
21,293417 226,345428 13,478279
20,146296 225,016418 18,261482
16,075998 220,999283 23,829950
12,370944 217,188965 31,746489
9,732053 218,736145 38,222202
5,125545 217,960617 41,876293
-4,895143 214,724060 48,383030
-20,709961 214,233078 54,481609
-48,171642 215,641113 61,335808
-69,413452 222,715347 62,096970
-73,965508 228,243103 59,263645
-73,587555 232,801727 55,987247
-70,399826 236,654633 52,825397
-68,651596 240,755692 47,440758
-70,095093 242,482285 44,745113
-72,005379 244,012619 41,831306
-75,849724 244,800812 38,818913
-80,102760 246,224823 36,819481
-83,016502 247,317566 36,050213
-84,193138 249,156555 35,730549
-85,472580 252,400375 36,546200
-86,452087 254,987625 37,872986
-87,928520 255,971558 39,209694
-89,629211 255,520966 39,840565
-91,017220 254,598679 40,540279
-92,277893 253,669357 40,880646
-93,857544 252,876068 41,004826
-94,790443 252,796143 41,109097
-95,516190 252,939941 41,059223
-96,084694 252,997971 41,235119
-96,809120 253,271606 41,580761
-97,873726 253,874786 42,146439
-99,091347 255,315933 43,046665
-100,585182 257,374420 44,002087
-102,160126 259,381042 45,183048
-104,036530 261,588257 46,703060
-106,162605 263,605103 48,391361
-108,231201 265,335388 50,243282
-110,465096 267,197021 52,146954
-113,666168 270,295197 55,092049
-115,840927 272,124634 57,011528
-117,992065 273,955872 59,045380
-120,494682 275,851471 61,260479
-123,023682 277,709747 63,678341
-125,460968 279,482422 66,125122
-127,637428 281,209045 68,743080
-129,829254 283,199371 71,683983
-132,045151 285,277832 74,451790
-134,235413 287,715729 77,401459
-135,900223 290,159363 80,655876
-137,969711 293,281494 84,263008
-139,718292 297,195923 88,106499
-141,956818 301,354767 92,422173
-143,944916 305,854828 97,230118
-145,733063 310,319427 101,864677
-147,758224 315,261017 106,720490
-149,007263 319,670746 111,514076
-150,388794 325,001587 117,191063
-151,388382 331,457733 123,551216
-152,724945 337,060455 129,649277
-153,849716 342,228058 136,129791
-154,903351 346,558746 142,820267
-156,297104 350,252228 149,461426
-156,514160 354,475342 156,904678
-157,198303 358,901855 165,121750
-157,821793 363,343170 173,097565
-157,980804 369,604614 185,278931
-157,064819 373,700531 194,310913
-156,187454 377,819183 202,553925
-156,063766 383,197968 211,185638
-156,254105 389,382355 221,175095
-157,001190 394,861816 232,382965
-157,570145 399,991425 243,844330
-158,476227 405,071930 258,362823
-159,648926 407,803131 266,836060
-161,597733 411,136932 275,880463
-163,372208 413,518494 282,855225
-163,610260 413,278351 288,559601
-161,552994 409,417084 290,730591
-161,056900 407,642365 293,384186
-161,707932 404,720032 296,615173
-160,477905 398,747284 298,243835
-157,686752 393,191895 300,308655
-156,284576 386,489685 300,072113
-154,684219 379,583496 299,337036
-150,204651 371,852417 298,671326
-145,060059 364,786377 297,242645
-139,265152 354,836273 293,600433
-132,747498 340,920746 287,780823
-124,607887 324,178680 278,495605
-114,102829 301,225677 268,815369
-141,369766 108,291718 -170,388519
-132,790588 100,910812 -176,486893
-129,483704 101,374275 -180,825058
-124,494057 100,590218 -184,250412
-123,570801 99,340797 -184,413437
-122,880783 94,926353 -178,294983
-121,828606 91,846390 -169,898743
-117,926353 88,662552 -160,298615
-115,815399 86,413033 -153,295624
-116,203743 84,947250 -149,102921
-117,794968 83,235352 -144,798264
-120,076241 81,985176 -141,437210
-122,450935 80,860718 -139,631943
